      0/99     1.25G   0.06885   0.04619   0.09185    0.2069        66       640   0.04349  0.000741 1.594e-06 1.663e-07   0.07767   0.06137   0.09628
      1/99     3.31G   0.04952   0.03185   0.08336    0.1647        63       640    0.3005    0.2992   0.02766   0.01331   0.04863   0.03734   0.08382
      2/99     3.31G   0.04198   0.02778   0.08187    0.1516        59       640    0.3477    0.1556   0.02566  0.007897   0.05863   0.04477   0.08133
      3/99     3.31G   0.03995    0.0261   0.08025    0.1463        49       640     0.382    0.3249   0.05089   0.02895   0.04003    0.0333   0.07674
      4/99     3.31G   0.03479   0.02343   0.07803    0.1362        52       640    0.6254   0.09537   0.06672   0.03985   0.03387   0.02755   0.07304
      5/99     3.31G   0.03375   0.02143   0.07473    0.1299        52       640     0.752   0.08121    0.0699   0.04473   0.03386   0.02583   0.07204
      6/99     3.31G   0.03292   0.02195   0.07166    0.1265        56       640    0.7523   0.09113   0.08688   0.05377   0.03008   0.02428   0.06668
      7/99     3.31G   0.03221   0.02124   0.06954     0.123        61       640    0.7613    0.1134    0.1019   0.06417   0.02802   0.02746   0.06461
      8/99     3.31G   0.03011   0.02075   0.06623    0.1171        56       640    0.6879    0.1624    0.1004   0.06214   0.02816   0.02244   0.06023
      9/99     3.31G   0.03132   0.02003   0.06345    0.1148        49       640    0.7627    0.1138    0.1044   0.06836   0.02813    0.0216   0.06129
     10/99     3.31G    0.0295   0.01949   0.06212    0.1111        60       640    0.7903    0.1123    0.1159   0.07526   0.02828   0.02374   0.05629
     11/99     3.31G    0.0295   0.01959   0.06043    0.1095        52       640    0.7184     0.184    0.1284   0.08667   0.02502   0.02052   0.05416
     12/99     3.31G    0.0282   0.01946   0.05779    0.1054        49       640     0.771    0.1529    0.1446    0.0968   0.02552   0.02084   0.05246
     13/99     3.31G   0.03007   0.02011   0.05621    0.1064        51       640    0.7656    0.1399    0.1503   0.09638   0.02901   0.02084   0.05387
     14/99     3.31G   0.02889   0.01948   0.05515    0.1035        51       640    0.8134    0.1616    0.1693    0.1126    0.0255    0.0203   0.04942
     15/99     3.31G    0.0287   0.01967   0.05407    0.1024        49       640    0.8429    0.1342    0.1802    0.1283   0.02335   0.02018   0.04683
     16/99     3.31G   0.02783   0.01904   0.05149   0.09836        60       640    0.8963    0.1152    0.1953     0.137   0.02434   0.02187   0.04678
     17/99     3.31G   0.02627   0.01831   0.04832   0.09289        66       640    0.8768    0.1413    0.2045    0.1327   0.02485    0.0214   0.04572
     18/99     3.31G   0.02611   0.01818   0.04714   0.09144        61       640    0.5914    0.3118    0.2327    0.1552   0.02547   0.02066   0.04162
     19/99     3.31G   0.02775   0.01912   0.04621   0.09309        61       640    0.6314    0.2794    0.2418    0.1653   0.02308   0.01908   0.04227
     20/99     3.31G   0.02687   0.01691    0.0445   0.08828        57       640    0.6062    0.3229     0.269    0.1866   0.02334   0.01941   0.03878
     21/99     3.31G   0.02623    0.0173   0.04099   0.08452        56       640    0.7122    0.2728    0.2898    0.1919   0.02467   0.01967   0.03746
     22/99     3.31G   0.02731   0.01839   0.04175   0.08745        61       640    0.5387    0.3931    0.3087    0.2104   0.02375   0.01898   0.03593
     23/99     3.31G     0.027    0.0177   0.04072   0.08543        59       640     0.475    0.4492     0.305    0.2122   0.02406   0.01884   0.03757
     24/99     3.31G   0.02753   0.01696    0.0384   0.08288        59       640     0.601    0.3265    0.3404    0.2395   0.02397   0.01862   0.03517
     25/99     3.31G   0.02942   0.01751   0.03755   0.08448        49       640    0.5834    0.4035    0.3564    0.2384   0.02464   0.01906   0.03373
     26/99     3.31G   0.02546     0.016   0.03645   0.07791        49       640    0.5558    0.4327    0.3665    0.2687   0.02104   0.01862   0.03688
     27/99     3.31G   0.02481   0.01688   0.03647   0.07816        75       640    0.5292    0.4726    0.3738    0.2666   0.02226   0.01826   0.03253
     28/99     3.31G   0.02339   0.01637   0.03442   0.07418        55       640    0.5656    0.4468    0.3924    0.2921   0.02114   0.01816   0.03115
     29/99     3.31G   0.02285   0.01648   0.03313   0.07246        71       640    0.7045    0.3604    0.4177    0.3073   0.02034   0.01788   0.02979
     30/99     3.31G   0.02246   0.01515   0.03213   0.06975        62       640    0.6605    0.4159    0.4258     0.316   0.02017   0.01816   0.02946
     31/99     3.31G   0.02303   0.01605   0.03189   0.07097        59       640    0.6543    0.4211    0.4532    0.3165   0.02131   0.01808   0.02926
     32/99     3.31G   0.02387   0.01642   0.03109   0.07138        50       640    0.6185    0.4405    0.4504    0.3428   0.01997   0.01727   0.02875
     33/99     3.31G   0.02521   0.01595   0.02886   0.07002        56       640    0.6626    0.4128    0.4402    0.3001   0.02168   0.01769   0.03035
     34/99     3.31G   0.02383   0.01617    0.0286    0.0686        63       640    0.6674    0.3754      0.41    0.2963    0.0209   0.01872   0.03481
     35/99     3.31G   0.02251   0.01602   0.02852   0.06705        52       640    0.5655    0.4738    0.4619    0.3375    0.0201   0.01779   0.02795
     36/99     3.31G   0.02244   0.01571   0.02757   0.06572        47       640    0.6834    0.4423    0.5005    0.3828   0.02115   0.01789   0.02763
     37/99     3.31G   0.02284   0.01566   0.02741   0.06592        56       640    0.7402    0.4116    0.5119     0.395   0.01871   0.01699    0.0264
     38/99     3.31G   0.02184    0.0158   0.02584   0.06349        49       640    0.7402    0.4108    0.5453    0.4311   0.01857   0.01653   0.02483
     39/99     3.31G   0.02216   0.01592    0.0268   0.06488        54       640    0.5793    0.5247    0.5455    0.4374   0.01888   0.01682   0.02682
     40/99     3.31G   0.02064     0.015   0.02623   0.06188        55       640    0.7239    0.3962    0.5063    0.3919    0.0187   0.01736   0.02653
     41/99     3.31G   0.02092   0.01523   0.02551   0.06166        64       640    0.5766    0.5517    0.5489    0.4346   0.01839   0.01639    0.0246
     42/99     3.31G   0.02083   0.01488   0.02489    0.0606        55       640    0.6621     0.467    0.5502    0.4377   0.01802   0.01688   0.02684
     43/99     3.31G    0.0204    0.0156   0.02458   0.06058        59       640    0.5489    0.5835    0.5543    0.4378   0.01815   0.01644   0.02315
     44/99     3.31G    0.0205   0.01509   0.02256   0.05815        53       640    0.7823    0.4194    0.5994    0.4742   0.01711     0.016   0.02288
     45/99     3.31G   0.01996   0.01509   0.02363   0.05868        82       640    0.6734    0.5023    0.6087     0.474    0.0185   0.01704   0.02476
     46/99     3.31G    0.0198   0.01415    0.0229   0.05685        49       640    0.5987    0.5862    0.6029    0.4742    0.0178   0.01642   0.02219
     47/99     3.31G   0.01991   0.01419   0.02246   0.05657        52       640    0.7603    0.4256    0.5888    0.4658   0.01746   0.01638   0.02448
     48/99     3.31G    0.0201   0.01456   0.02241   0.05706        62       640    0.6102    0.5904    0.6098    0.4806   0.01785   0.01657   0.02192
     49/99     3.31G   0.01954   0.01418   0.02184   0.05556        49       640    0.4747    0.6331    0.5891    0.4629    0.0177   0.01675   0.02216
     50/99     3.31G   0.02096   0.01455   0.02183   0.05735        50       640    0.4346    0.6649    0.5841    0.4652   0.01771   0.01595   0.02285
     51/99     3.31G    0.0203    0.0146   0.02106   0.05595        59       640    0.6183    0.5583    0.5864    0.4599   0.01856   0.01685   0.02309
     52/99     3.31G   0.01946    0.0141   0.02079   0.05435        53       640    0.6036    0.5941    0.6023     0.486   0.01709    0.0157    0.0217
     53/99     3.31G   0.01885    0.0138   0.02013   0.05278        72       640    0.7085    0.5533    0.6509    0.5237   0.01655   0.01584   0.02029
     54/99     3.31G   0.01852   0.01369   0.02055   0.05276        55       640    0.5336    0.6806    0.6616    0.5268   0.01742   0.01622    0.0202
     55/99     3.31G   0.01835   0.01474   0.01899   0.05208        57       640    0.5765    0.6607    0.6686    0.5452   0.01609   0.01564   0.01929
     56/99     3.31G   0.01781   0.01397   0.01806   0.04984        60       640     0.694    0.5768    0.6751    0.5508   0.01647   0.01533   0.01961
     57/99     3.31G   0.01826    0.0134   0.01856   0.05021        54       640    0.5294    0.7126    0.7002    0.5635   0.01657   0.01556   0.01893
     58/99     3.31G   0.01771    0.0135   0.01756   0.04877        72       640    0.6517    0.6204    0.6895    0.5716   0.01596   0.01523   0.01845
     59/99     3.31G   0.01828    0.0131   0.01847   0.04985        58       640    0.6265    0.6231    0.6647    0.5346   0.01676   0.01599   0.01991
     60/99     3.31G   0.01879   0.01366   0.01784    0.0503        71       640    0.5854    0.6279    0.6616    0.5439   0.01636   0.01513   0.02046
     61/99     3.31G   0.01824   0.01329   0.01689   0.04842        52       640     0.627    0.6661    0.6892    0.5645   0.01749   0.01542   0.01877
     62/99     3.31G   0.01809   0.01279   0.01682    0.0477        56       640    0.6777     0.599    0.6634    0.5393   0.01699   0.01574   0.02046
     63/99     3.31G   0.01839   0.01334   0.01826   0.04999        59       640    0.7022    0.6133    0.6814    0.5603   0.01609   0.01576   0.01972
     64/99     3.31G   0.01789   0.01329   0.01733    0.0485        70       640    0.6415    0.6543    0.7042    0.5779    0.0168   0.01572   0.01889
     65/99     3.31G    0.0186   0.01345   0.01749   0.04954        85       640    0.7111    0.6222    0.7128    0.5765   0.01671   0.01607   0.01726
     66/99     3.31G   0.01825   0.01367   0.01662   0.04854        58       640    0.7637    0.5853     0.695    0.5601   0.01692   0.01622   0.01776
     67/99     3.31G   0.01781   0.01376   0.01571   0.04728        57       640    0.6612    0.6674    0.7216    0.5886   0.01617   0.01597   0.01726
     68/99     3.31G   0.01769   0.01324   0.01574   0.04667        53       640    0.6689    0.6554    0.6981    0.5694   0.01671   0.01611   0.01677
     69/99     3.31G   0.01835   0.01348   0.01523   0.04706        48       640    0.6783    0.6571    0.6981    0.5622   0.01667   0.01584   0.01801
     70/99     3.31G   0.01843   0.01354   0.01489   0.04686        56       640    0.6867    0.6515    0.6954     0.567   0.01606   0.01605   0.01686
     71/99     3.31G   0.01808   0.01347    0.0151   0.04665        48       640     0.698    0.6437    0.7163    0.5869   0.01594   0.01541   0.01671
     72/99     3.31G   0.01951   0.01463    0.0146   0.04874        58       640    0.6513    0.6844    0.7163    0.5609   0.01767   0.01682   0.01721
     73/99     3.31G   0.01872   0.01389   0.01471   0.04732        70       640    0.7144    0.6563    0.7233    0.5713   0.01747   0.01659   0.01691
     74/99     3.31G   0.01829   0.01347     0.014   0.04576        61       640    0.6109    0.7385     0.731     0.601   0.01591   0.01513    0.0159
     75/99     3.31G   0.01724   0.01283   0.01403   0.04411        50       640    0.6177    0.7025    0.7301    0.6033   0.01576    0.0151   0.01726
     76/99     3.31G    0.0169   0.01282   0.01363   0.04335        48       640    0.6202     0.712     0.718    0.6011   0.01493   0.01496   0.01702
     77/99     3.31G   0.01661   0.01218   0.01426   0.04304        61       640    0.7219    0.6764      0.73     0.612   0.01495   0.01493   0.01592
     78/99     3.31G   0.01633   0.01225   0.01388   0.04245        64       640    0.7462    0.6541    0.7441    0.6236   0.01461   0.01506   0.01566
     79/99     3.31G   0.01643   0.01202    0.0124   0.04084        52       640    0.5857    0.7661    0.7295    0.5997   0.01539   0.01538   0.01663
     80/99     3.31G   0.01614   0.01206    0.0135    0.0417        51       640    0.6276    0.7423    0.7371    0.6046   0.01524   0.01535   0.01697
     81/99     3.31G   0.01656   0.01283   0.01288   0.04228        54       640    0.6569    0.7211    0.7488    0.6195   0.01528   0.01523   0.01694
     82/99     3.31G   0.01666   0.01264   0.01425   0.04356        56       640    0.6126    0.7392    0.7424    0.6145   0.01494   0.01539   0.01567
     83/99     3.31G   0.01721   0.01347   0.01361   0.04429        81       640    0.6954    0.7064    0.7533    0.6276   0.01525   0.01504   0.01599
     84/99     3.31G    0.0164    0.0121   0.01281   0.04131        62       640    0.7383    0.6753    0.7513    0.6264   0.01492   0.01506   0.01549
     85/99     3.31G   0.01623   0.01143   0.01159   0.03925        60       640    0.6598    0.7287    0.7594     0.636   0.01487   0.01483   0.01568
     86/99     3.31G    0.0163   0.01202   0.01186   0.04018        62       640      0.62    0.7394    0.7443    0.6177   0.01472   0.01473   0.01631
     87/99     3.31G   0.01601   0.01224   0.01257   0.04082        69       640    0.7245     0.663    0.7463    0.6263   0.01487   0.01511   0.01591
     88/99     3.31G   0.01622   0.01227   0.01231    0.0408        49       640    0.6789    0.7346     0.761    0.6299   0.01512   0.01506   0.01614
     89/99     3.31G   0.01648   0.01178   0.01186   0.04012        64       640    0.6704     0.745    0.7663    0.6287   0.01532   0.01502   0.01642
     90/99     3.31G   0.01634   0.01208   0.01207    0.0405        58       640    0.6644    0.7353    0.7609    0.6199   0.01552   0.01529   0.01586
     91/99     3.31G   0.01666   0.01219   0.01211   0.04096        60       640    0.7255    0.6988    0.7609    0.6203   0.01564   0.01526   0.01583
     92/99     3.31G   0.01591   0.01209   0.01136   0.03936        55       640    0.6773    0.7247    0.7683    0.6177   0.01568   0.01526   0.01847
     93/99     3.31G   0.01642   0.01245   0.01272   0.04159        49       640    0.6281    0.7695    0.7764    0.6358   0.01494   0.01511   0.01602
     94/99     3.31G   0.01679    0.0122   0.01227   0.04126        65       640    0.6625    0.7296    0.7701    0.6334    0.0149   0.01484   0.01487
     95/99     3.31G   0.01783   0.01224   0.01122   0.04129        61       640    0.6678    0.7434    0.7717    0.6225   0.01556   0.01518   0.01477
     96/99     3.31G   0.01797   0.01288   0.01219   0.04304        56       640    0.6723    0.7445    0.7837    0.6363   0.01595   0.01509   0.01503
     97/99     3.31G   0.01802   0.01199   0.01142   0.04143        60       640    0.6873    0.7335    0.7732    0.6133   0.01725   0.01541   0.01564
     98/99     3.31G   0.01773   0.01261   0.01188   0.04222        53       640    0.7093    0.6999    0.7524    0.5808   0.01732   0.01583   0.01506
     99/99     3.31G   0.01689   0.01255   0.01177    0.0412        56       640    0.7605    0.6949    0.7642     0.622    0.0157   0.01506   0.01512
